10   95262.0   97739.0
1010   33571.0   42737.0
2010   29945.0   33100.0
3010   25762.0   44243.0
4010   41168.0   43266.0
5010   29166.0   45085.0
6010   28973.0   42180.0
7010   30513.0   41925.0
8010   27531.0   41344.0
9010   27738.0   43543.0
10010   37623.0   43135.0
11010   43411.0   65062.0
12010   33519.0   48773.0
13010   31288.0   44459.0
14010   37243.0   53898.0
15010   50192.0   55337.0
16010   27471.0   49068.0
17010   39426.0   46640.0
18010   41980.0   46951.0
19010   40914.0   51993.0
20010   40819.0   44015.0
21010   36576.0   52700.0
22010   33444.0   48414.0
23010   37378.0   50899.0
24010   37519.0   46588.0
25010   47444.0   52628.0
26010   32267.0   52310.0
27010   47903.0   46992.0
28010   41562.0   52880.0
29010   44422.0   49059.0
30010   33923.0   44941.0
31010   33982.0   52335.0
32010   32278.0   48695.0
33010   45669.0   48613.0
34010   44673.0   49471.0
35010   41908.0   46746.0
36010   51834.0   52458.0
37010   35319.0   51591.0
38010   45694.0   48056.0
39010   54159.0   58035.0
40010   46785.0   53616.0
41010   44238.0   52309.0
42010   39200.0   59944.0
43010   48682.0   53614.0
44010   47083.0   49671.0
45010   51048.0   52489.0
46010   66919.0   62418.0
47010   187579.0   194286.0
48010   54911.0   56548.0
49010   52437.0   62033.0
50010   53898.0   58972.0
51010   44313.0   49537.0
52010   47718.0   54664.0
53010   47867.0   54920.0
54010   48506.0   56598.0
55010   53949.0   57820.0
56010   42601.0   70485.0
57010   49563.0   56427.0
58010   50390.0   58280.0
59010   53044.0   57870.0
60010   59118.0   57268.0
61010   127992.0   138669.0
62010   79473.0   83151.0
63010   57055.0   56818.0
64010   64992.0   85519.0
65010   55970.0   69768.0
66010   74596.0   116820.0
67010   58942.0   83299.0
68010   51889.0   52481.0
69010   52613.0   52245.0
70010   72203.0   90787.0
71010   44498.0   68795.0
72010   143230.0   184265.0
73010   64698.0   72904.0
74010   49008.0   63514.0
75010   58705.0   59445.0
76010   57548.0   59613.0
77010   92761.0   89758.0
78010   63771.0   105080.0
79010   207187.0   97146.0
80010   95502.0   95223.0
81010   77098.0   91349.0
82010   111424.0   180119.0
83010   74918.0   373611.0
84010   69936.0   74045.0
85010   62483.0   64586.0
86010   58456.0   58334.0
87010   60786.0   61855.0
88010   61858.0   63017.0
89010   69945.0   68718.0
90010   75621.0   74602.0
91010   83196.0   96344.0
92010   64818.0   67779.0
93010   85183.0   81563.0
94010   66653.0   81253.0
95010   71390.0   78082.0
96010   77280.0   74014.0
97010   79098.0   90789.0
98010   79407.0   77807.0
99010   258569.0   266786.0
100000   64466.0   69720.0
110000   70713.0   72127.0
120000   71920.0   75253.0
130000   100085.0   95931.0
140000   94984.0   93758.0
150000   76219.0   77722.0
160000   138153.0   149184.0
170000   147284.0   129354.0
180000   88572.0   85001.0
190000   74719.0   82694.0
200000   89247.0   84531.0
210000   95471.0   95932.0
220000   97687.0   96268.0
230000   99600.0   90918.0
240000   120983.0   117040.0
250000   113460.0   107408.0
260000   107923.0   104762.0
270000   113226.0   100864.0
280000   110502.0   105533.0
290000   137148.0   110327.0
300000   154702.0   156199.0
400000   142611.0   123917.0
500000   200701.0   178620.0
600000   224132.0   198499.0
700000   262298.0   232417.0
800000   288535.0   249856.0
900000   338752.0   299848.0
1000000   483227.0   439954.0
2000000   916481.0   784459.0
3000000   1904353.0   1705909.0
4000000   1706529.0   1487228.0
5000000   2327673.0   1961777.0
6000000   2767324.0   2340513.0
7000000   2788624.0   2412510.0
8000000   3647872.0   3154592.0
9000000   4028436.0   3416529.0
