10   1822.0   478.0
1010   165.0   720.0
2010   459.0   590.0
3010   5740.0   1097.0
4010   2199.0   2179.0
5010   3747.0   4914.0
6010   3141.0   4909.0
7010   25770.0   7143.0
8010   20501.0   12502.0
9010   45733.0   40869.0
10010   13835.0   11163.0
11010   28320.0   17642.0
12010   20241.0   21263.0
13010   30668.0   18245.0
14010   29443.0   23903.0
15010   25518.0   27801.0
16010   33447.0   34334.0
17010   45527.0   37080.0
18010   43586.0   44275.0
19010   47933.0   50623.0
20010   49682.0   47204.0
21010   64832.0   67383.0
22010   66468.0   63981.0
23010   92617.0   92652.0
24010   92800.0   100121.0
25010   83768.0   90474.0
26010   89563.0   89540.0
27010   96121.0   98644.0
28010   128319.0   125916.0
29010   110148.0   121836.0
30010   154754.0   141456.0
31010   135403.0   137964.0
32010   145040.0   131173.0
33010   171962.0   160102.0
34010   178214.0   181379.0
35010   188869.0   181828.0
36010   169150.0   177022.0
37010   180963.0   177275.0
38010   204957.0   207855.0
39010   202763.0   207864.0
40010   254551.0   275392.0
41010   507478.0   671067.0
42010   403173.0   402926.0
43010   613472.0   604606.0
44010   327822.0   383289.0
45010   376941.0   389836.0
46010   379333.0   387779.0
47010   497130.0   510473.0
48010   555622.0   577351.0
49010   544947.0   569354.0
50010   1271046.0   1335610.0
51010   808258.0   1004761.0
52010   769401.0   849792.0
53010   777301.0   892761.0
54010   1079844.0   1096007.0
55010   843895.0   907151.0
56010   1322997.0   1323302.0
57010   583692.0   626571.0
58010   491024.0   540417.0
59010   691933.0   706699.0
60010   905683.0   1104141.0
61010   652411.0   663403.0
62010   671519.0   710141.0
63010   595835.0   613364.0
64010   712818.0   625479.0
65010   622865.0   657977.0
66010   871875.0   904108.0
67010   773744.0   934635.0
68010   734552.0   735792.0
69010   670266.0   690893.0
70010   662861.0   718445.0
71010   735856.0   761787.0
72010   799557.0   827727.0
73010   772150.0   805227.0
74010   1469935.0   1538378.0
75010   802429.0   822552.0
76010   827742.0   850907.0
77010   895014.0   1027528.0
78010   2529576.0   2682125.0
79010   1072801.0   1120168.0
80010   1057674.0   1054647.0
81010   1496191.0   1575058.0
82010   1990351.0   2017326.0
83010   1177440.0   1360581.0
84010   1308112.0   1475153.0
85010   2609663.0   2548862.0
86010   1906838.0   2020871.0
87010   1688963.0   1781292.0
88010   1835825.0   1919039.0
89010   2044262.0   2061193.0
90010   1946084.0   2135682.0
91010   1510042.0   1900589.0
92010   1861460.0   1935898.0
93010   1486152.0   1526324.0
94010   2545519.0   2511925.0
95010   2001025.0   2216845.0
96010   2491463.0   2656578.0
97010   1675190.0   1788745.0
98010   1441104.0   1514773.0
99010   2556928.0   2828427.0
