10   9   9
110   112   112
210   211   211
310   312   312
410   411   411
510   512   512
610   611   611
710   712   712
810   811   811
910   911   911
1010   1011   1011
1110   1111   1111
1210   1210   1210
1310   1312   1312
1410   1411   1411
1510   1512   1512
1610   1612   1612
1710   1712   1712
1810   1812   1812
1910   1911   1911
2010   2011   2011
2110   2111   2111
2210   2211   2211
2310   2311   2311
2410   2412   2412
2510   2511   2511
2610   2612   2612
2710   2711   2711
2810   2811   2811
2910   2911   2911
3010   3012   3012
3110   3112   3112
3210   3211   3211
3310   3312   3312
3410   3412   3412
3510   3510   3510
3610   3611   3611
3710   3711   3711
3810   3812   3812
3910   3912   3912
4010   4012   4012
4110   4112   4112
4210   4212   4212
4310   4312   4312
4410   4411   4411
4510   4512   4512
4610   4612   4612
4710   4711   4711
4810   4811   4811
4910   4912   4912
5010   5012   5012
5110   5111   5111
5210   5211   5211
5310   5312   5312
5410   5412   5412
5510   5512   5512
5610   5611   5611
5710   5712   5712
5810   5810   5810
5910   5912   5912
6010   6011   6011
6110   6111   6111
6210   6212   6212
6310   6311   6311
6410   6411   6411
6510   6511   6511
6610   6611   6611
6710   6711   6711
6810   6810   6810
6910   6912   6912
7010   7012   7012
7110   7112   7112
7210   7212   7212
7310   7312   7312
7410   7412   7412
7510   7512   7512
7610   7612   7612
7710   7711   7711
7810   7811   7811
7910   7912   7912
8010   8011   8011
8110   8112   8112
8210   8212   8212
8310   8312   8312
8410   8411   8411
8510   8511   8511
8610   8611   8611
8710   8711   8711
8810   8812   8812
8910   8912   8912
9010   9011   9011
9110   9111   9111
9210   9211   9211
9310   9312   9312
9410   9412   9412
9510   9511   9511
9610   9611   9611
9710   9712   9712
9810   9812   9812
9910   9912   9912
