1 1e-05 1.862913 9e-06 5e-06
2 6e-06 1.754559 9e-06 5e-06
4 9e-06 1.812529 6e-06 6e-06
8 8e-06 1.916806 6e-06 6e-06
16 6e-06 1.917632 7e-06 6e-06
32 6e-06 1.918584 8e-06 1.4e-05
64 7e-06 1.89928 6e-06 7e-06
128 6e-06 1.741819 9e-06 5e-06
256 1.1e-05 1.683025 1.2e-05 9e-06
512 1.915936 1.913934 1.902487 1.3e-05
1024 1.882776 1.681314 1.919974 1.5e-05
2048 1.935412 1.920095 1.856883 1.3e-05
4096 1.917218 1.925011 1.904366 9.3e-05
8192 1.659124 1.913989 1.90264 9e-05
16384 1.898279 1.909875 1.929713 0.00011
